2 106
MotorinaPetrom 7.44 8.56 25000 4620 5490 3780 6730 4520 8450 3560 5370 6340 3460
BenzinaPetrom 6.97 7.94 18000 4780 5320 6704 4500 3600 4700 5670 6460 3660 6340
MotorinaMOL 7.04 8.66 34000 4936 5604 5756 3752 6492 5474 3206 6334 3690 3708
BenzinaMOL 6.40 7.85 27000 6808 5516 5564 4704 6978 3920 5000 6096 4562 5610
MotorinaOMV 7.32 8.65 24000 4232 4228 3606 4624 5164 6342 6140 3580 5036 3932
BenzinaOMV 6.65 7.86 22000 5952 6076 5022 3694 6672 6534 5810 5248 4482 5620
MotorinaLukoil 7.12 8.76 30000 6600 5574 5960 4206 6502 4150 4358 5438 6318 6658
BenzinaLukoil 6.71 7.65 28000 5842 3738 5444 5496 3628 6358 4672 5132 5416 6754
MotorinaRompetrol 7.19 8.80 27000 5832 6962 5350 4358 4010 3876 5120 6902 6876 5070
BenzinaRompetrol 6.43 7.76 23000 5832 6962 5350 4358 4010 3876 5120 6902 6876 5070
MotorinaSocar 7.32 8.63 27000 4398 4836 5988 4468 4396 6564 5462 4996 4562 4286
BenzinaSocar 6.80 7.73 28000 4322 5082 6160 4340 3744 3190 3514 6146 3602 6810
MorotinaGazprom 7.29 8.45 19000 4146 5512 5262 5530 5226 3752 6892 6438 6748 5204
BenzinaGazprom 6.51 7.78 20000 6066 5584 5140 5388 6946 5096 6352 4744 3262 3580
MotorinaPetromar 7.43 8.62 24000 5876 3944 5638 5508 3608 6378 6308 3478 4986 5354
BenzinaPetromar 6.81 7.88 26000 6846 4144 6554 3616 5644 3608 3648 4774 5272 6158
MotorinaRoOscar 7.25 8.74 31000 3702 5748 6456 5894 6200 4456 6654 6204 6908 6956
BenzinaRoOscar 6.87 7.75 27000 3640 4118 3224 5402 6254 3808 5974 6460 5890 4680
MotorinaOctano 7.55 8.60 29000 3696 4808 5906 3818 3752 6524 6438 5646 4706 5874
BenzinaOctano 6.61 7.84 23000 3664 5104 5928 6008 3830 4486 5996 3050 6438 6785